[array([0.54054 , 0.297297]), array([0.794871, 0.205128]), array([0.627505, 0.873677, 0.984083]), array([0.297776, 0.020107, 0.976459, 0.004695]), array([0.660973, 0.322901, 0.481273, 0.617354]), array([0.561605, 0.47043 , 0.472715, 0.210565, 0.613261]), array([3.47253e-01, 7.00000e-06, 6.71037e-01, 7.00121e-01, 5.44074e-01,
       3.44221e-01]), array([0.390802, 0.293585, 0.176038, 0.060569, 0.724716, 0.039122,
       0.76474 , 0.253301])]
[array([0.89054 , 0.797297]), array([0.764871, 0.305128]), array([0.727505, 0.893677, 1.984083]), array([0.997776, 0.520107, 0.976459, 0.904695]), array([0.460973, 0.122901, 0.781273, 0.317354]), array([0.961605, 0.77043 , 0.872715, 0.610565, 0.913261]), array([0.247253, 0.100007, 0.891037, 0.900121, 0.844074, 0.644221]), array([0.790802, 0.593585, 0.476038, 0.260569, 0.824716, 0.739122,
       0.36474 , 0.553301])]
[array([0.051234, 0.951234]), array([0.212345, 0.512345]), array([0.731234, 0.461234, 0.431234]), array([0.440123, 0.437123, 0.389123, 0.359123]), array([0.716903, 0.778432, 0.998497, 0.995681]), array([0.491234, 0.241234, 0.591234, 0.991234, 0.111234]), array([0.043123, 0.896123, 0.422123, 0.216123, 0.389123, 0.745123]), array([0.157123, 0.111123, 0.129123, 0.026123, 0.999123, 0.736123,
       0.168123, 0.369123])]
[array([0.051234, 0.051234]), array([0.512345, 0.512345]), array([0.731234, 0.761234, 0.731234]), array([0.440123, 0.437123, 0.489123, 0.459123]), array([0.916903, 0.978432, 0.998497, 0.995681]), array([0.491234, 0.441234, 0.591234, 0.991234, 0.911234]), array([0.843123, 0.896123, 0.422123, 0.816123, 0.389123, 0.745123]), array([0.957123, 0.911123, 0.929123, 0.926123, 0.999123, 0.736123,
       0.968123, 0.369123])]
[array([0.082507, 0.879898]), array([0.87779 , 0.028697]), array([0.046808, 0.941359, 0.990881]), array([0.54159, 0.49099, 0.35509, 0.43299]), array([0.11999, 0.03829, 0.87959, 0.95769]), array([0.02179, 0.93199, 0.01659, 0.04569, 0.89289]), array([0.057896, 0.336137, 0.42149 , 0.079999, 2.      , 0.95109 ]), array([0.009077, 3.      , 2.      , 0.00909 , 0.986902, 0.99909 ,
       0.04909 , 0.98139 ])]